$job
    # pairs 1-5 4-6
    gaussian_header         wb97xd/6-31G* int=ultrafine
    program                 gaussian16
    step_size               1.00
    max_steps               50
    temperature             298.15
    phase                   bring_together 1 5
    memory                  12
    processors              8
    random_seed             generate
$end

$comment
    Frequency and molecule data parsed from DA_ts.out on 11-Sep-2026 at 05:36:03
$end

$molecule
    0 1
    C     0.446416     1.429287     0.494383
    C     1.311674     0.704219    -0.292829
    C     1.312588    -0.702740    -0.292864
    C     0.448380    -1.428976     0.494342
    C    -1.567178     0.688826    -0.228826
    C    -1.566562    -0.690393    -0.228947
    H     0.123749     1.052581     1.458514
    H     0.386168     2.508888     0.385515
    H     1.847944     1.215876    -1.089319
    H     1.849573    -1.213684    -1.089333
    H     0.389373    -2.508629     0.385326
    H     0.124986    -1.052772     1.458418
    H    -2.063133    -1.233623     0.569603
    H    -1.452349    -1.233299    -1.160018
    H    -2.064702     1.231386     0.569593
    H    -1.453515     1.231937    -1.159852
$end

$isotope
     1    12.00000
     2    12.00000
     3    12.00000
     4    12.00000
     5    12.00000
     6    12.00000
     7     1.00783
     8     1.00783
     9     1.00783
     10    1.00783
     11    1.00783
     12    1.00783
     13    1.00783
     14    1.00783
     15    1.00783
     16    1.00783
$end

$frequency_data
    -592.4091  8.0807 16709.0000  -0.35606 -0.11575 -0.10357   0.00095 -0.07784 -0.02681   0.00094  0.07785 -0.02679  -0.35598  0.11531 -0.10352   0.37042  0.10969  0.12257   0.37020 -0.10926  0.12249   0.19306  0.04165  0.15400  -0.20684 -0.09550 -0.04850   0.09610  0.00108  0.08825   0.09621 -0.00090  0.08827  -0.20697  0.09526 -0.04852   0.19300 -0.04133  0.15402  -0.11478  0.04424 -0.06983  -0.14913  0.03355 -0.03075  -0.11461 -0.04435 -0.07009  -0.14878 -0.03380 -0.03080
     140.8523  2.0909 244.0000   0.07396  0.05426 -0.05641   0.01791 -0.02049 -0.04445  -0.01787 -0.02051  0.04440  -0.07407  0.05430  0.05644  -0.07956 -0.03441  0.16561   0.07964 -0.03431 -0.16560   0.09630  0.12014 -0.02375   0.07922  0.04619 -0.13460   0.01854 -0.08698 -0.08705  -0.01846 -0.08706  0.08700  -0.07939  0.04620  0.13474  -0.09638  0.12025  0.02377   0.05659 -0.28685 -0.35246   0.19995  0.21454 -0.29776  -0.05622 -0.28693  0.35249  -0.20020  0.21429  0.29777
     222.0403  4.1579 1208.0000  -0.23012 -0.13246 -0.10107  -0.10618 -0.04970 -0.06044   0.10616 -0.04956  0.06046   0.23038 -0.13241  0.10107   0.06375  0.17570  0.10092  -0.06401  0.17564 -0.10093  -0.01553 -0.09252 -0.01069  -0.33235 -0.14067 -0.13313  -0.22156 -0.03465 -0.12712   0.22160 -0.03425  0.12712   0.33293 -0.14052  0.13311   0.01565 -0.09280  0.01064  -0.03869  0.06704 -0.16330   0.05926  0.27680 -0.14281   0.03867  0.06707  0.16334  -0.05980  0.27672  0.14277
     292.4787  2.8251 1424.0000  -0.04826  0.01768 -0.15786   0.17065  0.00007  0.08476   0.17077  0.00014  0.08486  -0.04833 -0.01769 -0.15789  -0.11650  0.00197  0.07190  -0.11662 -0.00216  0.07187  -0.14603  0.07894 -0.16724  -0.04191  0.01078 -0.23574   0.39668 -0.01552  0.22604   0.39693  0.01598  0.22631  -0.04184 -0.01079 -0.23566  -0.14629 -0.07903 -0.16741  -0.00878  0.00222  0.14195  -0.26991  0.00384  0.04887  -0.00859 -0.00228  0.14207  -0.26972 -0.00416  0.04894
     411.9505  2.7383 2738.0000  -0.04278 -0.03602 -0.02934   0.03378 -0.05206  0.06144  -0.03472 -0.05213 -0.06052   0.04281 -0.03903  0.02847  -0.23297  0.09067 -0.06552   0.23383  0.09088  0.06584  -0.29504 -0.07562 -0.13331   0.12500 -0.01754  0.06239   0.18067 -0.01970  0.18220  -0.18172 -0.01824 -0.18249  -0.12457 -0.02038 -0.06719   0.29476 -0.08112  0.13356   0.30330  0.02515  0.06310   0.33743  0.07783  0.08857  -0.30270  0.02472 -0.06294  -0.33648  0.07741 -0.08828
     419.6299  2.7713 2875.0000   0.00866  0.24282 -0.05499  -0.08782  0.00505  0.06688  -0.08758 -0.00441  0.06765   0.00832 -0.24222 -0.05529   0.07726 -0.00284  0.01789   0.07423  0.00161  0.01696  -0.02459  0.45175  0.02124   0.04576  0.21672 -0.35496  -0.10981 -0.13276 -0.04008  -0.10813  0.13283 -0.03786   0.04753 -0.21625 -0.35427  -0.02769 -0.45109  0.01981   0.05170  0.00782  0.00610   0.07396  0.00781  0.01399   0.05567 -0.00834  0.00710   0.07821 -0.00875  0.01527
     497.9167  2.5743 3760.0000  -0.08509  0.01531 -0.09500   0.14446  0.01204  0.13204  -0.14434  0.01186 -0.13203   0.08510  0.01554  0.09502   0.10904 -0.03387  0.05714  -0.10915 -0.03398 -0.05719  -0.29947  0.06670 -0.15129   0.03844  0.02700 -0.08543   0.40260  0.04694  0.32890  -0.40249  0.04635 -0.32883  -0.03856  0.02709  0.08556   0.29961  0.06725  0.15142  -0.10586 -0.06221 -0.07417  -0.06346 -0.00061 -0.07177   0.10619 -0.06209  0.07436   0.06271 -0.00057  0.07162
     602.9273  2.0591 4410.0000  -0.03325  0.07267  0.06076  -0.10352 -0.11472  0.11760   0.10359 -0.11462 -0.11762   0.03318  0.07253 -0.06078   0.00623  0.00012  0.00311  -0.00619  0.00012 -0.00307  -0.09583  0.47019  0.20008   0.13539  0.04580 -0.33020  -0.19495 -0.01836  0.11280   0.19510 -0.01807 -0.11271  -0.13537  0.04540  0.33026   0.09505  0.47040 -0.20022   0.01805  0.00248  0.01426  -0.02668 -0.00069 -0.00507  -0.01825  0.00250 -0.01442   0.02704 -0.00072  0.00513
     636.6697  1.0876 2597.0000   0.00094 -0.00063 -0.01599   0.01671 -0.00003 -0.01426   0.01663  0.00009 -0.01427   0.00098  0.00061 -0.01593  -0.02312  0.00261  0.04848  -0.02320 -0.00265  0.04841   0.00864  0.02138 -0.00498  -0.00969 -0.00419 -0.04839   0.04303  0.00481  0.00562   0.04285 -0.00474  0.00557  -0.00964  0.00418 -0.04842   0.00861 -0.02145 -0.00493  -0.44508 -0.05718 -0.24621   0.46903  0.06168  0.07711  -0.44483  0.05670 -0.24623   0.46881 -0.06127  0.07709
     704.3233  1.1949 3492.0000   0.00160  0.03856 -0.00686  -0.06516 -0.00200 -0.04492  -0.06536  0.00199 -0.04497   0.00162 -0.03860 -0.00685   0.02177  0.00527  0.01353   0.02183 -0.00525  0.01355  -0.18602 -0.10179 -0.12882   0.33580  0.08865  0.28466   0.37454  0.05423  0.29000   0.37446 -0.05371  0.29004   0.33641 -0.08840  0.28490  -0.18661  0.10159 -0.12903  -0.01876  0.01194  0.00016  -0.00714 -0.00175  0.00953  -0.01882 -0.01199  0.00012  -0.00722  0.00170  0.00948
     796.8660  1.5022 5620.0000  -0.01079  0.03943 -0.01607  -0.12062 -0.02491 -0.06168   0.12062 -0.02463  0.06154   0.01080  0.03933  0.01620   0.03596 -0.01331  0.01116  -0.03605 -0.01351 -0.01124  -0.29173 -0.13085 -0.18399   0.42804  0.09969  0.32086   0.12978  0.01830  0.13684  -0.12899  0.01811 -0.13633  -0.42680  0.09900 -0.32035   0.29297 -0.13096  0.18470  -0.08487 -0.01387 -0.04044  -0.01004  0.01301 -0.02618   0.08365 -0.01411  0.04004   0.00884  0.01308  0.02588
     827.1640  1.1264 4541.0000  -0.00487 -0.01913 -0.02403  -0.02614  0.02845  0.00585  -0.02578 -0.02851  0.00603  -0.00481  0.01918 -0.02393   0.02405 -0.04233  0.02334   0.02376  0.04234  0.02332  -0.31515 -0.14127 -0.18581  -0.26913 -0.04115 -0.05793  -0.00682  0.03855  0.02723  -0.00723 -0.03842  0.02676  -0.27046  0.04109 -0.05893  -0.31465  0.14060 -0.18543   0.34337 -0.13631  0.09250   0.33073  0.05377  0.06151   0.34342  0.13661  0.09269   0.33019 -0.05346  0.06144
     864.2827  1.0303 4534.0000  -0.00186  0.00309  0.00425   0.00172 -0.00746  0.00163   0.00169  0.00746  0.00163  -0.00188 -0.00310  0.00423  -0.01572  0.00873  0.02466  -0.01567 -0.00875  0.02465   0.07381  0.02517  0.04143   0.07696  0.01063  0.02582  -0.00192 -0.01030 -0.00274  -0.00188  0.01027 -0.00266   0.07712 -0.01056  0.02592   0.07385 -0.02509  0.04144   0.12318 -0.43028 -0.18192  -0.08341  0.42843 -0.24605   0.12226  0.43039 -0.18206  -0.08251 -0.42846 -0.24600
     941.8319  1.1671 6100.0000   0.03589  0.00201  0.01336  -0.02327 -0.00437 -0.00892   0.02320 -0.00433  0.00891  -0.03585  0.00208 -0.01338  -0.06750 -0.01210 -0.02070   0.06760 -0.01194  0.02075  -0.26999 -0.05766 -0.12224  -0.27070 -0.03546 -0.15222   0.03950  0.03146  0.05687  -0.03950  0.03125 -0.05668   0.27055 -0.03499  0.15179   0.26941 -0.05744  0.12213  -0.33824  0.11290 -0.14004  -0.35288  0.11887 -0.11390   0.33804  0.11328  0.14012   0.35292  0.11910  0.11397
     974.4305  1.4056 7864.0000  -0.02471  0.09220 -0.02098   0.05733  0.06814  0.01207   0.05737 -0.06803  0.01208  -0.02445 -0.09227 -0.02089   0.01756  0.00486  0.01173   0.01778 -0.00490  0.01183  -0.02172 -0.28456 -0.16651  -0.18068  0.13180  0.44988  -0.16861 -0.06354 -0.23344  -0.16872  0.06329 -0.23338  -0.18124 -0.13198  0.44930  -0.02250  0.28464 -0.16664  -0.12858  0.03236 -0.05069  -0.10122  0.04631 -0.03403  -0.12749 -0.03226 -0.05029  -0.10046 -0.04616 -0.03382
     989.3593  1.2391 7146.0000  -0.01572 -0.04881 -0.05206   0.00943 -0.03978  0.05848   0.00946  0.03975  0.05847  -0.01590  0.04886 -0.05210   0.00213 -0.00283  0.00843   0.00195  0.00285  0.00849  -0.22515  0.01270 -0.10507   0.50407 -0.00689  0.07076  -0.33435 -0.08672 -0.19988  -0.33451  0.08632 -0.20004   0.50444  0.00748  0.07088  -0.22450 -0.01320 -0.10480   0.02942 -0.00245  0.02113   0.07757 -0.02383  0.03606   0.02991  0.00227  0.02144   0.07611  0.02385  0.03575
    1004.2110  1.3221 7855.0000   0.05888  0.00408  0.04026  -0.04287 -0.00973 -0.05357   0.04306 -0.00993  0.05359  -0.05934  0.00366 -0.04047   0.04996  0.01971  0.03794  -0.05027  0.01963 -0.03808  -0.19948 -0.01479 -0.06021  -0.32291 -0.04476 -0.19008   0.26039  0.03564  0.18367  -0.26011  0.03560 -0.18397   0.32298 -0.04505  0.19221   0.20241 -0.01404  0.06094   0.38909 -0.06475  0.17165   0.06942 -0.07509  0.03517  -0.38750 -0.06490 -0.17107  -0.06744 -0.07425 -0.03451
    1018.0829  1.1387 6954.0000   0.03545  0.01203  0.02139   0.00633 -0.00584  0.01630  -0.00621 -0.00609 -0.01633  -0.03611  0.01161 -0.02162   0.04835  0.00566 -0.03671  -0.04886  0.00554  0.03644  -0.21703 -0.06067 -0.09709  -0.14176 -0.00628 -0.03479  -0.14891 -0.00614 -0.08908   0.15032 -0.00550  0.08944   0.14191 -0.00686  0.03715   0.22238 -0.06023  0.09884  -0.26434 -0.06873 -0.14922   0.52128  0.00431  0.11260   0.26720 -0.06735  0.15033  -0.51862  0.00475 -0.11192
    1028.4212  1.1853 7386.0000  -0.05932  0.01889 -0.03478   0.00655  0.00825  0.01331   0.00416 -0.00841  0.01102  -0.05952 -0.01809 -0.03404  -0.04708  0.00420 -0.02200  -0.04700 -0.00426 -0.02421   0.43248 -0.01707  0.12673   0.11004  0.05606  0.19638   0.06267 -0.07346 -0.00461   0.08430  0.06899  0.01239   0.10583 -0.05422  0.19052   0.44809  0.01257  0.13561   0.28059 -0.08907  0.11604   0.30064 -0.13081  0.09696   0.26552  0.08988  0.10885   0.31763  0.13029  0.10098
    1029.3624  1.1158 6966.0000  -0.01755 -0.01745  0.00433  -0.03815  0.00562 -0.03675   0.03839  0.00528  0.03743   0.01433 -0.01841 -0.00618  -0.01505 -0.00321 -0.03577   0.01246 -0.00346  0.03447   0.33865  0.09909  0.17713  -0.01404 -0.02379 -0.07372   0.37561  0.07498  0.28967  -0.37155  0.07851 -0.28937   0.01995 -0.02673  0.08398  -0.31413  0.09938 -0.16976  -0.24270  0.01177 -0.11217   0.19128  0.01969  0.04435   0.25773  0.01716  0.11836  -0.17460  0.02650 -0.03910
    1126.5746  1.5080 11276.0000  -0.02965  0.11441 -0.00443  -0.01480 -0.07935  0.04560   0.01641 -0.08131 -0.04683   0.02822  0.11396  0.00540  -0.00396 -0.00022 -0.00015   0.00378 -0.00034  0.00007   0.22207 -0.20842 -0.03592  -0.37800  0.12893  0.32401   0.12028 -0.31125 -0.01593  -0.12312 -0.32228  0.01689   0.38102  0.12855 -0.32426  -0.22477 -0.21367  0.03810   0.00026  0.00622  0.00239  -0.01305 -0.00756  0.00207   0.00129  0.00693 -0.00181   0.01415 -0.00685 -0.00163
    1130.6375  1.5756 11867.0000  -0.06280  0.02417  0.04674   0.07385  0.10062 -0.05974   0.07365 -0.09885 -0.05879  -0.06331 -0.02662  0.04666  -0.00809  0.00667 -0.00348  -0.00810 -0.00669 -0.00347  -0.14910  0.24724  0.11098   0.17153  0.04287 -0.02243  -0.17042  0.55832  0.05432  -0.16723 -0.55188  0.05386   0.16340 -0.04533 -0.01566  -0.14455 -0.24312  0.11005   0.06947 -0.03320  0.02576   0.04771 -0.03246  0.01950   0.06958  0.03322  0.02589   0.04762  0.03273  0.01961
    1262.3107  1.3995 13139.0000   0.01245  0.00053 -0.01333  -0.00965 -0.00246  0.01354   0.00963 -0.00248 -0.01351  -0.01244  0.00052  0.01330  -0.04019 -0.00093  0.12484   0.04021 -0.00079 -0.12484   0.02246 -0.05235 -0.03179  -0.00430 -0.00235 -0.01179  -0.04545  0.07667  0.04125   0.04530  0.07658 -0.04116   0.00429 -0.00234  0.01185  -0.02224 -0.05234  0.03179  -0.15439  0.45649  0.07099   0.10539 -0.44491  0.14732   0.15396  0.45658 -0.07088  -0.10514 -0.44528 -0.14748
    1280.6129  1.7330 16745.0000   0.00473 -0.02250 -0.05855  -0.03812  0.03892  0.04512  -0.03794 -0.03901  0.04492   0.00460  0.02253 -0.05834   0.01888 -0.15383  0.00507   0.01866  0.15388  0.00521   0.27089 -0.09348  0.00222   0.07052 -0.01986 -0.01185  -0.08734  0.24276  0.14772  -0.08655 -0.24211  0.14723   0.07059  0.01996 -0.01195   0.27006  0.09325  0.00255  -0.07919  0.36496  0.06572  -0.00134  0.36965 -0.10503  -0.07922 -0.36561  0.06563  -0.00085 -0.36925 -0.10495
    1296.4147  1.4256 14117.0000   0.06198  0.00401 -0.08458  -0.04702 -0.02031  0.07005   0.04712 -0.02020 -0.07013  -0.06198  0.00389  0.08468   0.01077  0.00405 -0.01772  -0.01080  0.00375  0.01772   0.23635 -0.26077 -0.13906  -0.04820 -0.00703 -0.03275  -0.23682  0.44545  0.24470   0.23642  0.44632 -0.24503   0.04789 -0.00703  0.03298  -0.23648 -0.26132  0.13901   0.07654 -0.09380  0.00448  -0.02133  0.06303 -0.01841  -0.07638 -0.09323 -0.00468   0.02124  0.06375  0.01862
    1349.0282  1.5057 16145.0000  -0.06039  0.00420  0.06737   0.05243 -0.00048 -0.06326   0.05241  0.00057 -0.06324  -0.06034 -0.00429  0.06735  -0.00940 -0.08715 -0.00392  -0.00947  0.08714 -0.00391  -0.18476  0.23071  0.12331   0.04582  0.01982  0.05119   0.21229 -0.39608 -0.22332   0.21175  0.39646 -0.22334   0.04552 -0.01981  0.05149  -0.18454 -0.23107  0.12324   0.04993  0.21397  0.10206   0.08371  0.22136 -0.05565   0.05016 -0.21385  0.10203   0.08399 -0.22124 -0.05564
    1465.0040  1.2167 15386.0000  -0.00436  0.00275  0.01911  -0.04920  0.05868  0.05685   0.04910  0.05876 -0.05682   0.00443  0.00281 -0.01918   0.00358  0.00089 -0.00051  -0.00357  0.00087  0.00052   0.10947 -0.38102 -0.11360   0.20176 -0.04240 -0.39952   0.10380 -0.31758 -0.07783  -0.10343 -0.31779  0.07790  -0.20207 -0.04268  0.40000  -0.10911 -0.38146  0.11354   0.00897 -0.00562  0.00396   0.00776  0.00425  0.00078  -0.00901 -0.00553 -0.00404  -0.00783  0.00434 -0.00075
    1495.2331  1.1082 14598.0000   0.00143  0.00072 -0.00093   0.00155 -0.00057  0.00105  -0.00155 -0.00055 -0.00105  -0.00141  0.00071  0.00092   0.01198 -0.06640  0.00216  -0.01191 -0.06643 -0.00216   0.00839 -0.00342  0.00021  -0.00406  0.00089  0.00015  -0.00444  0.00624  0.00124   0.00440  0.00620 -0.00121   0.00402  0.00089 -0.00011  -0.00841 -0.00344 -0.00023   0.01774  0.38348  0.30584   0.19141  0.40202 -0.23696  -0.01817  0.38342 -0.30580  -0.19192  0.40175  0.23695
    1529.7595  1.6720 23053.0000  -0.02837 -0.01497  0.03199  -0.02152  0.16343  0.01407  -0.02123 -0.16338  0.01397  -0.02844  0.01490  0.03203   0.01962 -0.01953  0.00593   0.01959  0.01954  0.00593   0.09002 -0.30121 -0.05353   0.25860 -0.05071 -0.38727   0.14844 -0.21466 -0.12975   0.14806  0.21448 -0.12968   0.25853  0.05101 -0.38717   0.08967  0.30114 -0.05334  -0.03245 -0.12575 -0.12075  -0.10477 -0.12725  0.07255  -0.03262  0.12579 -0.12085  -0.10499  0.12721  0.07259
    1590.5393  1.4355 21396.0000   0.01939 -0.03942 -0.04113  -0.01573  0.02727  0.01085  -0.01573 -0.02733  0.01089   0.01937  0.03944 -0.04112   0.02154 -0.11918  0.00725   0.02141  0.11920  0.00727  -0.02734  0.31862  0.09222  -0.09550 -0.01141  0.25028   0.02778 -0.03640  0.00356   0.02774  0.03656  0.00355  -0.09550  0.01130  0.25000  -0.02692 -0.31828  0.09200  -0.01962 -0.26210 -0.28071  -0.18433 -0.26555  0.20875  -0.01993  0.26208 -0.28074  -0.18469  0.26538  0.20876
    1646.9428  2.5180 40240.0000  -0.10339  0.10393  0.10678   0.11724 -0.11023 -0.11399  -0.11345 -0.10053  0.11132   0.09958  0.09865 -0.10255  -0.00355 -0.00569 -0.00117   0.00350  0.00251  0.00117   0.05521 -0.39906 -0.02812   0.15697  0.09019 -0.33076  -0.08566  0.37011  0.03412   0.07945  0.36153 -0.03130  -0.15193  0.08580  0.31591  -0.05086 -0.37352  0.02241  -0.01315 -0.00403 -0.01290  -0.01339 -0.00592  0.00311   0.01594  0.00583  0.00153   0.00833  0.00427  0.00770
    1647.5349  2.5475 40740.0000  -0.05912  0.08876  0.06809   0.05865 -0.16374 -0.04250   0.06542  0.17022 -0.04934  -0.06515 -0.09495  0.07441  -0.00101 -0.13691 -0.00016  -0.00136  0.13701 -0.00020   0.06130 -0.41122 -0.09086   0.08077  0.06897 -0.23592  -0.09383  0.13533  0.04570  -0.09861 -0.15760  0.04766   0.09014 -0.07419 -0.25514   0.06392  0.43420 -0.09212   0.04768 -0.16360 -0.18923  -0.08326 -0.16917  0.18040   0.04662  0.16359 -0.18964  -0.08413  0.16913  0.18026
    3181.3345  1.0633 63404.0000   0.00711 -0.01865 -0.01202   0.01694  0.01717 -0.02506  -0.01693  0.01710  0.02501  -0.00704 -0.01856  0.01192  -0.01084  0.02554  0.00334   0.01074  0.02539 -0.00333  -0.05942 -0.07460  0.17018  -0.01639  0.28927 -0.03539  -0.21044 -0.19952  0.30850   0.21024 -0.19879 -0.30781   0.01595  0.28750  0.03521   0.05908 -0.07392 -0.16883  -0.15975 -0.17472  0.26707   0.03333 -0.12518 -0.22566   0.16094 -0.17549 -0.26851  -0.03339 -0.12595  0.22694
    3183.8214  1.0633 63506.0000   0.00184 -0.00990 -0.00207   0.01788  0.01640 -0.02614  -0.01790  0.01638  0.02613  -0.00184 -0.00991  0.00208   0.01283 -0.03127 -0.00353  -0.01271 -0.03107  0.00352  -0.01610 -0.02070  0.04412  -0.00679  0.14670 -0.01713  -0.21167 -0.19947  0.31098   0.21187 -0.19912 -0.31086   0.00663  0.14677  0.01716   0.01616 -0.02071 -0.04420   0.19281  0.21054 -0.32316  -0.04202  0.15568  0.27943  -0.19430  0.21152  0.32500   0.04211  0.15668 -0.28107
    3187.4110  1.0605 63479.0000   0.01380 -0.03215 -0.02489   0.01000  0.01289 -0.01550   0.01014 -0.01298 -0.01566   0.01374  0.03215 -0.02482  -0.00202  0.00606  0.00110  -0.00207 -0.00621  0.00111  -0.11992 -0.14986  0.34072  -0.02781  0.50831 -0.06095  -0.13514 -0.13016  0.19863  -0.13666  0.13123  0.20058  -0.02719 -0.50793 -0.06096  -0.11993  0.14937  0.33998   0.03032  0.03537 -0.05201  -0.00619  0.02346  0.04125   0.02946 -0.03434 -0.05048  -0.00597 -0.02272  0.03990
    3194.0501  1.0708 64366.0000   0.01557 -0.02757 -0.02793  -0.01800 -0.01065  0.02425   0.01794 -0.01053 -0.02413  -0.01558 -0.02769  0.02797   0.00273 -0.00726  0.00036  -0.00265 -0.00705 -0.00037  -0.12378 -0.14977  0.34840  -0.02443  0.44229 -0.05328   0.17534  0.16128 -0.25671  -0.17459  0.16012  0.25528   0.02399  0.44370  0.05351   0.12428 -0.14985 -0.34900   0.04227  0.04456 -0.06978  -0.01049  0.04078  0.07255  -0.04343  0.04570  0.07158   0.01068  0.04171 -0.07417
    3197.8775  1.0657 64213.0000  -0.00022 -0.00451 -0.00163   0.00206  0.00106 -0.00307   0.00201 -0.00103 -0.00302  -0.00018  0.00461 -0.00171   0.01727 -0.04770 -0.00307   0.01731  0.04796 -0.00310  -0.00836 -0.01153  0.02666  -0.00204  0.06707 -0.00705  -0.02112 -0.02096  0.03270  -0.02076  0.02058  0.03215  -0.00204 -0.06858 -0.00724  -0.00874  0.01196  0.02766  -0.24941 -0.27231  0.41329   0.05299 -0.20961 -0.37273  -0.24834  0.27032  0.41068   0.05245  0.20845 -0.37046
    3207.2620  1.0917 66165.0000  -0.00941  0.00965  0.01797   0.02906  0.02756 -0.04124   0.02914 -0.02754 -0.04129  -0.00943 -0.00972  0.01801  -0.00049  0.00068 -0.00057  -0.00049 -0.00068 -0.00057   0.07280  0.08922 -0.20639   0.01130 -0.17237  0.01951  -0.31585 -0.30332  0.46621  -0.31662  0.30322  0.46672   0.01115  0.17325  0.01964   0.07316 -0.08935 -0.20695   0.00441  0.00391 -0.00622  -0.00082  0.00636  0.01085   0.00438 -0.00386 -0.00616  -0.00080 -0.00633  0.01079
    3266.8396  1.1151 70118.0000  -0.00459 -0.02246  0.01807  -0.00138 -0.00128  0.00226   0.00136 -0.00126 -0.00224   0.00459 -0.02225 -0.01792   0.01886  0.00632 -0.06043  -0.01876  0.00626  0.06014   0.06942  0.07806 -0.19405  -0.01260  0.18891 -0.01787   0.01517  0.01419 -0.02291  -0.01504  0.01403  0.02268   0.01227  0.18721  0.01773  -0.06897  0.07728  0.19237   0.16850  0.18936 -0.27160   0.05947 -0.26243 -0.44476  -0.16963  0.19006  0.27288  -0.05949 -0.26378  0.44682
    3272.0059  1.1146 70309.0000   0.01102  0.05276 -0.04314   0.00378  0.00351 -0.00548   0.00376 -0.00349 -0.00544   0.01100 -0.05234 -0.04281  -0.00204 -0.00190  0.00775  -0.00221  0.00194  0.00828  -0.16792 -0.19014  0.47440   0.02884 -0.44002  0.04253  -0.03921 -0.03593  0.05721  -0.03900  0.03564  0.05683   0.02811  0.43668  0.04228  -0.16701  0.18843  0.47080   0.01826  0.02026 -0.02835   0.01020 -0.04009 -0.06554   0.01676 -0.01851 -0.02585   0.00967  0.03784 -0.06169
    3273.7949  1.1150 70409.0000  -0.01084 -0.04707  0.04036  -0.00265 -0.00283  0.00372   0.00270 -0.00286 -0.00377   0.01101 -0.04756 -0.04079  -0.00920 -0.00172  0.02759   0.00911 -0.00167 -0.02733   0.15573  0.17774 -0.44046  -0.02560  0.38738 -0.03494   0.03035  0.02806 -0.04547  -0.03077  0.02837  0.04602   0.02542  0.39159  0.03539  -0.15777  0.17940  0.44520  -0.08213 -0.09242  0.13453  -0.02425  0.11329  0.19371   0.08300 -0.09311 -0.13564   0.02441  0.11452 -0.19569
    3289.8636  1.1169 71226.0000   0.00159  0.00585 -0.00522   0.00020  0.00031 -0.00028   0.00020 -0.00031 -0.00028   0.00161 -0.00589 -0.00527   0.02130  0.00624 -0.06621   0.02139 -0.00624 -0.06652  -0.01970 -0.02385  0.06081   0.00282 -0.04678  0.00409  -0.00380 -0.00307  0.00523  -0.00383  0.00309  0.00527   0.00278  0.04713  0.00413  -0.01992  0.02402  0.06131  -0.19111 -0.21847  0.31349  -0.06416  0.28123  0.47395  -0.19058  0.21721  0.31198  -0.06358 -0.28002  0.47168
$end

